 <pre>

 Contingency table for Cloud base (m)
 Selection: ALL    605 stations
Period: 20201204-20201211
Used {00,03,...,21} + 01 02 04 05 07 08
 Limits    70.0000000       150.000000       300.000000       600.000000       1000.00000       1500.00000       2500.00000       5000.00000    
 Each class is data <= limit, the very last > last limit
 Total number of values      102434
                                                       OBSERVATION
                                   1606     2659      895      250      140      131       94      199       73 |      6047
                                    653     2345     1360      249       87       43       17       51       12 |      4817
                                    739     3973     5183     1582      332       80       38       78       25 |     12030
                                    497     3139    10198    10843     2002      364      133      292       65 |     27533
                    MNWC_preop      189     1039     3100     6094     3255      905      206      399       96 |     15283
                                    106      435     1407     2221     1410      977      318      265       92 |      7231
                                     58      211      727     1474      823      597      438      394       79 |      4801
                                     57      179      427      776      476      389      493     1267      155 |      4219
                                    370      739     1945     4974     3443     1580     1009     4031     2382 |     20473

                    SUM            4275    14719    25242    28463    11968     5066     2746     6976     2979 |    102434
                                                       OBSERVATION
                                   1102     1784      627      150       47       47       36       88       48 |      3929
                                    851     2686     1556      327      101       51       20       52       10 |      5654
                                    900     4583     6806     2427      408      141       63       74       35 |     15437
                                    592     3402    10203    12925     2604      428      175      408      127 |     30864
                   cy43h21_MSG      241      985     2511     5010     3493      987      231      415      142 |     14015
                                    105      341     1125     2116     1444      930      325      316      122 |      6824
                                     50      212      737     1435      919      658      465      424       70 |      4970
                                     72      159      386      702      463      347      514     1570      200 |      4413
                                    362      567     1291     3371     2489     1477      917     3629     2225 |     16328

                    SUM            4275    14719    25242    28463    11968     5066     2746     6976     2979 |    102434
                                                       OBSERVATION
                                   1033     1734      662      197       71       52       47      120       45 |      3961
                                    899     2768     1751      357      105       62       27       65       20 |      6054
                                    946     4632     6881     2773      451      147       52       88       45 |     16015
                                    551     3233     9425    11932     2514      488      174      397       91 |     28805
               cy43h21_MSG_IAU      231      996     2582     5075     3289      914      237      447      152 |     13923
                                    103      348     1291     2258     1458      859      301      319      112 |      7049
                                     66      224      830     1599      962      685      450      366       69 |      5251
                                     54      158      352      724      454      337      467     1305      152 |      4003
                                    392      626     1468     3548     2664     1522      991     3869     2293 |     17373

                    SUM            4275    14719    25242    28463    11968     5066     2746     6976     2979 |    102434
                                                       OBSERVATION
                                   1807     2927      979      269      126      239      106      300      107 |      6860
                                    857     3178     2013      474      181       87       38      111       11 |      6950
                                    649     4210     7056     3026      524      148       84      136       33 |     15866
                                    503     2689    10369    14831     3005      495      250      591      199 |     32932
                   MEPS2_preop       98      679     2061     4409     3806      949      172      388      138 |     12700
                                     48      270      735     1326     1162      884      229      154       96 |      4904
                                     44      111      278      532      401      349      289      175       15 |      2194
                                     13       53      184      314      223      229      439      900       40 |      2395
                                    256      602     1567     3282     2540     1686     1139     4221     2340 |     17633

                    SUM            4275    14719    25242    28463    11968     5066     2746     6976     2979 |    102434

