 <pre>

 Contingency table for Cloud base (m)
 Selection: ALL    606 stations
Period: 20201204-20201211
Used {00,03,...,21} + 01 02 04 05 07 08
 Limits    70.0000000       150.000000       300.000000       600.000000       1000.00000       1500.00000       2500.00000       5000.00000    
 Each class is data <= limit, the very last > last limit
 Total number of values      153798
                                                       OBSERVATION
                                   2436     3987     1340      408      223      208      158      301      111 |      9172
                                    964     3506     2077      402      129       56       27       61       18 |      7240
                                   1098     5907     7823     2338      488      125       52      117       33 |     17981
                                    723     4693    15044    16005     3003      519      188      414       83 |     40672
                    MNWC_preop      268     1568     4671     9104     4792     1319      310      588      135 |     22755
                                    157      640     2082     3363     2167     1452      458      375      139 |     10833
                                     87      310     1062     2150     1195      847      639      544       98 |      6932
                                    100      287      631     1128      645      542      709     1817      192 |      6051
                                    578     1182     3156     7826     5383     2549     1589     6250     3649 |     32162

                    SUM            6411    22080    37886    42724    18025     7617     4130    10467     4458 |    153798
                                                       OBSERVATION
                                   1698     2885     1020      249       80       84       61      114       65 |      6256
                                   1295     4192     2581      545      157       87       34       67       14 |      8972
                                   1292     6741    10618     3890      675      225       97      128       47 |     23713
                                    854     4764    14669    19573     3992      657      259      606      188 |     45562
                   cy43h21_MSG      338     1492     3591     7184     5187     1469      339      605      204 |     20409
                                    150      493     1625     2992     2125     1323      460      444      170 |      9782
                                     73      302     1079     2066     1315      936      654      603       88 |      7116
                                    109      244      543     1006      627      496      770     2233      262 |      6290
                                    602      967     2160     5219     3867     2340     1456     5667     3420 |     25698

                    SUM            6411    22080    37886    42724    18025     7617     4130    10467     4458 |    153798
                                                       OBSERVATION
                                   1613     2841     1115      303      109       93       72      150       61 |      6357
                                   1400     4316     2860      625      175       96       41       92       27 |      9632
                                   1369     6825    10820     4414      746      229       84      152       54 |     24693
                                    732     4506    13525    18190     3888      737      264      592      137 |     42571
               cy43h21_MSG_IAU      314     1450     3654     7235     4921     1392      348      645      218 |     20177
                                    156      513     1816     3154     2119     1228      425      441      151 |     10003
                                     91      339     1195     2271     1366      954      655      516       90 |      7477
                                     93      254      503     1028      620      475      693     1912      207 |      5785
                                    643     1036     2398     5504     4081     2413     1548     5967     3513 |     27103

                    SUM            6411    22080    37886    42724    18025     7617     4130    10467     4458 |    153798

