 <pre>

 Contingency table for Cloud cover (octas)
 Selection: ALL    589 stations
Period: 20201204-20201211
Used {00,03,...,21} + 01 02 04 05 07 08
 Limits   0.500000000       1.50000000       2.50000000       3.50000000       4.50000000       5.50000000       6.50000000       7.50000000    
 Each class is data <= limit, the very last > last limit
 Total number of values      178665
                                                       OBSERVATION
                                  21015     1169     1281      608      407      549      716     1587     2933 |     30265
                                   1013      157      208      157      118      152      210      726     1777 |      4518
                                    547       76      111       84       80       86      153      489     1159 |      2785
                                    386       66       90       80       71       83      136      468     1049 |      2429
                    MNWC_preop      381       55       86       64       55       88      126      380      980 |      2215
                                    364       63       85       62       58       66      130      427     1068 |      2323
                                    462       66      101       68       99      113      155      585     1480 |      3129
                                    816      141      147      158      137      142      264     1109     2820 |      5734
                                   2570      665      617      734      716     1193     1731    14982   102059 |    125267

                    SUM           27554     2458     2726     2015     1741     2472     3621    20753   115325 |    178665
                                                       OBSERVATION
                                  19736     1040     1149      539      345      429      573     1217     2266 |     27294
                                   1051      154      182       97      102      137      184      555     1138 |      3600
                                    550       68      111       75       69       80      108      338      807 |      2206
                                    416       48       90       46       59       58      105      313      759 |      1894
                   cy43h21_MSG      330       58       52       45       52       71      113      318      763 |      1802
                                    349       59       62       47       62       79      110      373      864 |      2005
                                    601       66       95       99       73      101      137      454     1153 |      2779
                                    899      134      164      148      147      176      260      936     2330 |      5194
                                   3622      831      821      919      832     1341     2031    16249   105245 |    131891

                    SUM           27554     2458     2726     2015     1741     2472     3621    20753   115325 |    178665
                                                       OBSERVATION
                                  20104     1080     1178      550      366      474      609     1325     2488 |     28174
                                    890      127      180      114      106      127      173      564     1129 |      3410
                                    520       74      107       63       66       64      130      357      809 |      2190
                                    381       50       71       62       65       72      109      331      754 |      1895
               cy43h21_MSG_IAU      293       47       65       56       49       60       85      330      744 |      1729
                                    344       58       59       47       44       79      107      344      894 |      1976
                                    616       70      119       92       68       89      118      491     1190 |      2853
                                    815      121      138      141      154      152      287      883     2265 |      4956
                                   3591      831      809      890      823     1355     2003    16128   105052 |    131482

                    SUM           27554     2458     2726     2015     1741     2472     3621    20753   115325 |    178665

