 <pre>

 Contingency table for Visibility (m)
 Selection: ALL    696 stations
Period: 20201204-20201211
Used {00,03,...,21} + 00 01 ... 09
 Limits    1000.00000       5000.00000       10000.0000       20000.0000    
 Each class is data <= limit, the very last > last limit
 Total number of values      247574
                                     OBSERVATION
                                   4649     6333     2149     1176     1128 |     15435
                                   2832    17845    10409     7130     5544 |     43760
                    MNWC_preop      977    11168    16535    16438     9184 |     54302
                                    259     4168    15104    28367    22635 |     70533
                                    246     3422    12007    24001    23868 |     63544

                    SUM            8963    42936    56204    77112    62359 |    247574
                                     OBSERVATION
                                   2740     2535      695      341      288 |      6599
                                   3772    17566    10084     7181     5117 |     43720
                   cy43h21_MSG     1256    10779    13611    14159     8400 |     48205
                                    390     4392    14395    25967    20408 |     65552
                                    805     7664    17419    29464    28146 |     83498

                    SUM            8963    42936    56204    77112    62359 |    247574
                                     OBSERVATION
                                   2566     2563      766      383      300 |      6578
                                   3942    18544    11320     8774     6306 |     48886
               cy43h21_MSG_IAU     1194    10052    12912    14176     9162 |     47496
                                    456     4282    14190    25333    19514 |     63775
                                    805     7495    17016    28446    27077 |     80839

                    SUM            8963    42936    56204    77112    62359 |    247574
                                     OBSERVATION
                                   4226     4159     1152      529      349 |     10415
                                   2875    17443    10853     7611     4390 |     43172
                   MEPS2_preop      707     8559    11512    12753     7081 |     40612
                                    241     3261    10260    18362    15829 |     47953
                                    914     9514    22427    37857    34710 |    105422

                    SUM            8963    42936    56204    77112    62359 |    247574

