 <pre>

 Contingency table for Visibility (m)
 Selection: ALL    696 stations
Period: 20201204-20201211
Used {00,03,...,21} + 00 01 ... 09
 Limits    1000.00000       5000.00000       10000.0000       20000.0000    
 Each class is data <= limit, the very last > last limit
 Total number of values      354049
                                     OBSERVATION
                                   6896     9453     3160     1757     1704 |     22970
                                   3874    25412    15316    10602     8058 |     63262
                    MNWC_preop     1373    15838    23527    23842    13366 |     77946
                                    363     6019    21979    40846    32645 |    101852
                                    325     4666    16511    33172    33345 |     88019

                    SUM           12831    61388    80493   110219    89118 |    354049
                                     OBSERVATION
                                   3996     3811     1066      503      410 |      9786
                                   5543    26564    15616    11201     7788 |     66712
                   cy43h21_MSG     1828    15793    20360    21377    12694 |     72052
                                    563     6274    21314    38586    30763 |     97500
                                    901     8946    22137    38552    37463 |    107999

                    SUM           12831    61388    80493   110219    89118 |    354049
                                     OBSERVATION
                                   3768     3850     1149      566      413 |      9746
                                   5798    27829    17159    13101     9143 |     73030
               cy43h21_MSG_IAU     1732    14844    19339    21207    13483 |     70605
                                    643     5993    20829    37417    29472 |     94354
                                    890     8872    22017    37928    36607 |    106314

                    SUM           12831    61388    80493   110219    89118 |    354049

