 <pre>

 Contingency table for Cloud cover (octas)
 Selection: ALL    588 stations
Period: 20201204-20201211
Used {00,03,...,21} + 01 02 04 05 07 08
 Limits   0.500000000       1.50000000       2.50000000       3.50000000       4.50000000       5.50000000       6.50000000       7.50000000    
 Each class is data <= limit, the very last > last limit
 Total number of values      118999
                                                       OBSERVATION
                                  14295      803      890      409      277      358      461     1049     1882 |     20424
                                    623      103      140      108       69      102      130      461     1104 |      2840
                                    335       45       66       52       53       52      106      314      704 |      1727
                                    242       44       55       54       49       54       87      307      668 |      1560
                    MNWC_preop      222       37       49       44       37       61       73      248      622 |      1393
                                    247       36       56       42       34       42      102      256      652 |      1467
                                    289       41       64       45       65       71       89      356      943 |      1963
                                    489       87       81       96       86      102      169      712     1781 |      3603
                                   1630      439      412      485      488      802     1184    10107    68475 |     84022

                    SUM           18372     1635     1813     1335     1158     1644     2401    13810    76831 |    118999
                                                       OBSERVATION
                                  13421      720      781      367      227      276      354      804     1404 |     18354
                                    661      108      125       67       59       88      128      349      672 |      2257
                                    374       46       83       56       36       55       74      217      487 |      1428
                                    272       25       54       20       37       36       64      195      478 |      1181
                   cy43h21_MSG      206       41       34       23       37       46       72      192      458 |      1109
                                    222       36       43       33       47       51       75      235      535 |      1277
                                    357       41       60       67       53       69       84      289      693 |      1713
                                    571       77      105       98       96      114      166      574     1428 |      3229
                                   2288      541      528      604      566      909     1384    10955    70676 |     88451

                    SUM           18372     1635     1813     1335     1158     1644     2401    13810    76831 |    118999
                                                       OBSERVATION
                                  13722      750      825      376      241      305      388      897     1538 |     19042
                                    562       88      118       76       65       84      112      348      701 |      2154
                                    319       43       75       45       44       47       88      227      491 |      1379
                                    237       35       47       36       42       51       71      207      449 |      1175
               cy43h21_MSG_IAU      179       30       32       34       32       31       57      217      454 |      1066
                                    217       34       29       29       34       49       66      230      547 |      1235
                                    367       43       76       55       45       63       75      302      731 |      1757
                                    516       69       85       93       97      102      190      554     1402 |      3108
                                   2253      543      526      591      558      912     1354    10828    70518 |     88083

                    SUM           18372     1635     1813     1335     1158     1644     2401    13810    76831 |    118999
                                                       OBSERVATION
                                  12390      675      698      314      241      295      400      964     1760 |     17737
                                    854      111      144      101       87      110      123      410      898 |      2838
                                    440       49       83       46       48       76      102      291      650 |      1785
                                    339       64       63       46       37       56       71      216      549 |      1441
                   MEPS2_preop      312       43       54       54       41       51       77      251      557 |      1440
                                    298       36       47       51       55       51       94      274      654 |      1560
                                    428       43       59       65       61       76      100      359      808 |      1999
                                    650       68      121       99      106      101      177      642     1573 |      3537
                                   2661      546      544      559      482      828     1257    10403    69382 |     86662

                    SUM           18372     1635     1813     1335     1158     1644     2401    13810    76831 |    118999

